index,D_0__Archaea;D_1__Altiarchaeota;D_2__Altiarchaeia;D_3__uncultured archaeon,D_0__Archaea;D_1__Asgardaeota;D_2__Lokiarchaeia;D_3__uncultured archaeon,D_0__Archaea;D_1__Crenarchaeota;D_2__Bathyarchaeia;D_3__Candidatus Bathyarchaeota archaeon RBG_16_48_13,D_0__Archaea;D_1__Crenarchaeota;D_2__Bathyarchaeia;D_3__archaeon RBG_16_50_20,D_0__Archaea;D_1__Crenarchaeota;D_2__Bathyarchaeia;D_3__metagenome,D_0__Archaea;D_1__Crenarchaeota;D_2__Bathyarchaeia;D_3__uncultured Thermofilum sp.,D_0__Archaea;D_1__Crenarchaeota;D_2__Bathyarchaeia;D_3__uncultured archaeon,D_0__Archaea;D_1__Crenarchaeota;D_2__Bathyarchaeia;D_3__uncultured archaeon Arc.201,D_0__Archaea;D_1__Crenarchaeota;D_2__Bathyarchaeia;D_3__uncultured bacterium,D_0__Archaea;D_1__Crenarchaeota;D_2__Bathyarchaeia;D_3__uncultured crenarchaeote,D_0__Archaea;D_1__Crenarchaeota;D_2__Bathyarchaeia;D_3__uncultured crenarchaeote MCG,D_0__Archaea;D_1__Crenarchaeota;D_2__Bathyarchaeia;D_3__uncultured euryarchaeote,D_0__Archaea;D_1__Crenarchaeota;D_2__Bathyarchaeia;D_3__uncultured methanogenic archaeon,D_0__Archaea;D_1__Crenarchaeota;D_2__Bathyarchaeia;D_3__uncultured thaumarchaeote,D_0__Archaea;D_1__Crenarchaeota;D_2__Bathyarchaeia;D_3__unidentified archaeon,D_0__Archaea;D_1__Crenarchaeota;D_2__Bathyarchaeia;__,D_0__Archaea;D_1__Diapherotrites;D_2__Micrarchaeia;D_3__Candidatus Micrarchaeota archaeon CG1_02_55_22,D_0__Archaea;D_1__Diapherotrites;D_2__Micrarchaeia;D_3__uncultured archaeon,D_0__Archaea;D_1__Euryarchaeota;D_2__Halobacteria;D_3__Halobacteriales,D_0__Archaea;D_1__Euryarchaeota;D_2__Methanobacteria;D_3__Methanobacteriales,D_0__Archaea;D_1__Euryarchaeota;D_2__Methanococci;D_3__Methanococcales,D_0__Archaea;D_1__Euryarchaeota;D_2__Methanomicrobia;D_3__Methanocellales,D_0__Archaea;D_1__Euryarchaeota;D_2__Methanomicrobia;D_3__Methanomicrobiales,D_0__Archaea;D_1__Euryarchaeota;D_2__Methanomicrobia;D_3__Methanosarcinales,D_0__Archaea;D_1__Euryarchaeota;D_2__Thermococci;D_3__Methanofastidiosales,D_0__Archaea;D_1__Euryarchaeota;D_2__Thermoplasmata;D_3__Marine Benthic Group D and DHVEG-1,D_0__Archaea;D_1__Euryarchaeota;D_2__Thermoplasmata;D_3__Marine Group II,D_0__Archaea;D_1__Euryarchaeota;D_2__Thermoplasmata;D_3__Methanomassiliicoccales,D_0__Archaea;D_1__Euryarchaeota;D_2__Thermoplasmata;D_3__SG8-5,D_0__Archaea;D_1__Euryarchaeota;D_2__Thermoplasmata;D_3__Thermoplasmatales,D_0__Archaea;D_1__Nanoarchaeaeota;D_2__Nanohaloarchaeia;D_3__Deep Sea Euryarchaeotic Group(DSEG),D_0__Archaea;D_1__Nanoarchaeaeota;D_2__Woesearchaeia;D_3__Candidatus Diapherotrites archaeon ADurb.Bin253,D_0__Archaea;D_1__Nanoarchaeaeota;D_2__Woesearchaeia;D_3__metagenome,D_0__Archaea;D_1__Nanoarchaeaeota;D_2__Woesearchaeia;D_3__uncultured archaeon,D_0__Archaea;D_1__Nanoarchaeaeota;D_2__Woesearchaeia;D_3__uncultured crenarchaeote,D_0__Archaea;D_1__Nanoarchaeaeota;D_2__Woesearchaeia;D_3__uncultured euryarchaeote,D_0__Archaea;D_1__Thaumarchaeota;D_2__Group 1.1c;D_3__uncultured archaeon,D_0__Archaea;D_1__Thaumarchaeota;D_2__Group 1.1c;__,D_0__Archaea;D_1__Thaumarchaeota;D_2__Marine Benthic Group A;__,D_0__Archaea;D_1__Thaumarchaeota;D_2__Nitrososphaeria;D_3__Nitrosopumilales,D_0__Archaea;D_1__Thaumarchaeota;D_2__Nitrososphaeria;D_3__Nitrososphaerales,D_0__Archaea;D_1__Thaumarchaeota;D_2__Nitrososphaeria;D_3__Nitrosotaleales,D_0__Archaea;D_1__Thaumarchaeota;D_2__SCGC AB-179-E04;D_3__hot springs metagenome,D_0__Archaea;D_1__Thaumarchaeota;D_2__SCGC AB-179-E04;D_3__uncultured thaumarchaeote,D_0__Bacteria;D_1__Acidobacteria;D_2__Acidobacteriia;D_3__Acidobacteriales,D_0__Bacteria;D_1__Acidobacteria;D_2__Acidobacteriia;D_3__Solibacterales,D_0__Bacteria;D_1__Acidobacteria;D_2__Acidobacteriia;D_3__Subgroup 13,D_0__Bacteria;D_1__Acidobacteria;D_2__Acidobacteriia;D_3__Subgroup 2,D_0__Bacteria;D_1__Acidobacteria;D_2__Acidobacteriia;__,D_0__Bacteria;D_1__Acidobacteria;D_2__Aminicenantia;D_3__Aminicenantales,D_0__Bacteria;D_1__Acidobacteria;D_2__Blastocatellia (Subgroup 4);D_3__11-24,D_0__Bacteria;D_1__Acidobacteria;D_2__Blastocatellia (Subgroup 4);D_3__Blastocatellales,D_0__Bacteria;D_1__Acidobacteria;D_2__Blastocatellia (Subgroup 4);D_3__DS-100,D_0__Bacteria;D_1__Acidobacteria;D_2__Blastocatellia (Subgroup 4);D_3__Elev-16S-573,D_0__Bacteria;D_1__Acidobacteria;D_2__Blastocatellia (Subgroup 4);D_3__Pyrinomonadales,D_0__Bacteria;D_1__Acidobacteria;D_2__Blastocatellia (Subgroup 4);__,D_0__Bacteria;D_1__Acidobacteria;D_2__Holophagae;D_3__Holophagales,D_0__Bacteria;D_1__Acidobacteria;D_2__Holophagae;D_3__Subgroup 7,D_0__Bacteria;D_1__Acidobacteria;D_2__Subgroup 11;D_3__uncultured Acidobacteria bacterium,D_0__Bacteria;D_1__Acidobacteria;D_2__Subgroup 11;D_3__uncultured bacterium,D_0__Bacteria;D_1__Acidobacteria;D_2__Subgroup 15;D_3__uncultured bacterium,D_0__Bacteria;D_1__Acidobacteria;D_2__Subgroup 17;D_3__metagenome,D_0__Bacteria;D_1__Acidobacteria;D_2__Subgroup 17;D_3__uncultured Acidobacteriales bacterium,D_0__Bacteria;D_1__Acidobacteria;D_2__Subgroup 17;D_3__uncultured Acidobacterium sp.,D_0__Bacteria;D_1__Acidobacteria;D_2__Subgroup 17;D_3__uncultured bacterium,D_0__Bacteria;D_1__Acidobacteria;D_2__Subgroup 17;D_3__uncultured bacterium gp17,D_0__Bacteria;D_1__Acidobacteria;D_2__Subgroup 17;D_3__uncultured soil bacterium,D_0__Bacteria;D_1__Acidobacteria;D_2__Subgroup 17;__,D_0__Bacteria;D_1__Acidobacteria;D_2__Subgroup 18;D_3__uncultured Acidobacteria bacterium,D_0__Bacteria;D_1__Acidobacteria;D_2__Subgroup 18;D_3__uncultured bacterium,D_0__Bacteria;D_1__Acidobacteria;D_2__Subgroup 18;D_3__uncultured prokaryote,D_0__Bacteria;D_1__Acidobacteria;D_2__Subgroup 18;__,D_0__Bacteria;D_1__Acidobacteria;D_2__Subgroup 21;D_3__uncultured bacterium,D_0__Bacteria;D_1__Acidobacteria;D_2__Subgroup 22;D_3__uncultured Acidobacterium sp.,D_0__Bacteria;D_1__Acidobacteria;D_2__Subgroup 22;D_3__uncultured bacterium,D_0__Bacteria;D_1__Acidobacteria;D_2__Subgroup 22;D_3__uncultured organism,D_0__Bacteria;D_1__Acidobacteria;D_2__Subgroup 22;D_3__uncultured prokaryote,D_0__Bacteria;D_1__Acidobacteria;D_2__Subgroup 22;__,D_0__Bacteria;D_1__Acidobacteria;D_2__Subgroup 25;D_3__uncultured Acidobacteria bacterium,D_0__Bacteria;D_1__Acidobacteria;D_2__Subgroup 25;D_3__uncultured bacterium,D_0__Bacteria;D_1__Acidobacteria;D_2__Subgroup 25;D_3__uncultured soil bacterium,D_0__Bacteria;D_1__Acidobacteria;D_2__Subgroup 25;__,D_0__Bacteria;D_1__Acidobacteria;D_2__Subgroup 5;D_3__metagenome,D_0__Bacteria;D_1__Acidobacteria;D_2__Subgroup 5;D_3__uncultured Acidobacteria bacterium,D_0__Bacteria;D_1__Acidobacteria;D_2__Subgroup 5;D_3__uncultured bacterium,D_0__Bacteria;D_1__Acidobacteria;D_2__Subgroup 5;__,D_0__Bacteria;D_1__Acidobacteria;D_2__Subgroup 6;D_3__Acidobacteria bacterium SCN 69-37,D_0__Bacteria;D_1__Acidobacteria;D_2__Subgroup 6;D_3__Unknown Order,D_0__Bacteria;D_1__Acidobacteria;D_2__Subgroup 6;D_3__metagenome,D_0__Bacteria;D_1__Acidobacteria;D_2__Subgroup 6;D_3__uncultured Acidobacteria bacterium,D_0__Bacteria;D_1__Acidobacteria;D_2__Subgroup 6;D_3__uncultured Acidobacterium sp.,D_0__Bacteria;D_1__Acidobacteria;D_2__Subgroup 6;D_3__uncultured Holophaga sp.,D_0__Bacteria;D_1__Acidobacteria;D_2__Subgroup 6;D_3__uncultured Holophagae bacterium,D_0__Bacteria;D_1__Acidobacteria;D_2__Subgroup 6;D_3__uncultured bacterium,D_0__Bacteria;D_1__Acidobacteria;D_2__Subgroup 6;D_3__uncultured bacterium 70,D_0__Bacteria;D_1__Acidobacteria;D_2__Subgroup 6;D_3__uncultured bacterium DA023,D_0__Bacteria;D_1__Acidobacteria;D_2__Subgroup 6;D_3__uncultured prokaryote,D_0__Bacteria;D_1__Acidobacteria;D_2__Subgroup 6;D_3__uncultured proteobacterium,D_0__Bacteria;D_1__Acidobacteria;D_2__Subgroup 6;D_3__uncultured sludge bacterium H3,D_0__Bacteria;D_1__Acidobacteria;D_2__Subgroup 6;D_3__unidentified,D_0__Bacteria;D_1__Acidobacteria;D_2__Subgroup 6;__,D_0__Bacteria;D_1__Acidobacteria;D_2__Thermoanaerobaculia;D_3__Thermoanaerobaculales,D_0__Bacteria;D_1__Actinobacteria;D_2__Acidimicrobiia;D_3__Acidimicrobiales,D_0__Bacteria;D_1__Actinobacteria;D_2__Acidimicrobiia;D_3__Actinomarinales,D_0__Bacteria;D_1__Actinobacteria;D_2__Acidimicrobiia;D_3__IMCC26256,D_0__Bacteria;D_1__Actinobacteria;D_2__Acidimicrobiia;D_3__Microtrichales,D_0__Bacteria;D_1__Actinobacteria;D_2__Acidimicrobiia;D_3__uncultured,D_0__Bacteria;D_1__Actinobacteria;D_2__Acidimicrobiia;__,D_0__Bacteria;D_1__Actinobacteria;D_2__Actinobacteria;D_3__Actinomycetales,D_0__Bacteria;D_1__Actinobacteria;D_2__Actinobacteria;D_3__Catenulisporales,D_0__Bacteria;D_1__Actinobacteria;D_2__Actinobacteria;D_3__Corynebacteriales,D_0__Bacteria;D_1__Actinobacteria;D_2__Actinobacteria;D_3__Frankiales,D_0__Bacteria;D_1__Actinobacteria;D_2__Actinobacteria;D_3__Micrococcales,D_0__Bacteria;D_1__Actinobacteria;D_2__Actinobacteria;D_3__Micromonosporales,D_0__Bacteria;D_1__Actinobacteria;D_2__Actinobacteria;D_3__PeM15,D_0__Bacteria;D_1__Actinobacteria;D_2__Actinobacteria;D_3__Propionibacteriales,D_0__Bacteria;D_1__Actinobacteria;D_2__Actinobacteria;D_3__Pseudonocardiales,D_0__Bacteria;D_1__Actinobacteria;D_2__Actinobacteria;D_3__Streptomycetales,D_0__Bacteria;D_1__Actinobacteria;D_2__Actinobacteria;D_3__Streptosporangiales,D_0__Bacteria;D_1__Actinobacteria;D_2__Coriobacteriia;D_3__FS118-23B-02,D_0__Bacteria;D_1__Actinobacteria;D_2__Coriobacteriia;D_3__OPB41,D_0__Bacteria;D_1__Actinobacteria;D_2__MB-A2-108;D_3__Actinobacteria bacterium RBG_19FT_COMBO_70_19,D_0__Bacteria;D_1__Actinobacteria;D_2__MB-A2-108;D_3__metagenome,D_0__Bacteria;D_1__Actinobacteria;D_2__MB-A2-108;D_3__uncultured bacterium,D_0__Bacteria;D_1__Actinobacteria;D_2__RBG-16-55-12;D_3__uncultured bacterium,D_0__Bacteria;D_1__Actinobacteria;D_2__Rubrobacteria;D_3__Rubrobacterales,D_0__Bacteria;D_1__Actinobacteria;D_2__Thermoleophilia;D_3__Gaiellales,D_0__Bacteria;D_1__Actinobacteria;D_2__Thermoleophilia;D_3__Solirubrobacterales,D_0__Bacteria;D_1__Actinobacteria;D_2__WCHB1-81;D_3__uncultured bacterium,D_0__Bacteria;D_1__Armatimonadetes;D_2__Armatimonadia;D_3__Armatimonadales,D_0__Bacteria;D_1__Armatimonadetes;D_2__Chthonomonadetes;D_3__Chthonomonadales,D_0__Bacteria;D_1__Armatimonadetes;D_2__DG-56;D_3__uncultured bacterium,D_0__Bacteria;D_1__Armatimonadetes;D_2__DG-56;D_3__uncultured bacterium UASB_TL26,D_0__Bacteria;D_1__Armatimonadetes;D_2__Fimbriimonadia;D_3__Fimbriimonadales,D_0__Bacteria;D_1__Armatimonadetes;D_2__uncultured;D_3__metagenome,D_0__Bacteria;D_1__Armatimonadetes;D_2__uncultured;D_3__uncultured Armatimonadetes bacterium,D_0__Bacteria;D_1__Armatimonadetes;D_2__uncultured;D_3__uncultured bacterium,D_0__Bacteria;D_1__Armatimonadetes;D_2__uncultured;D_3__uncultured bacterium SJA-121,D_0__Bacteria;D_1__Armatimonadetes;D_2__uncultured;__,D_0__Bacteria;D_1__Armatimonadetes;__;__,D_0__Bacteria;D_1__Atribacteria;D_2__Caldatribacteriia;D_3__Caldatribacteriales,D_0__Bacteria;D_1__Atribacteria;D_2__JS1;D_3__uncultured bacterium,D_0__Bacteria;D_1__BRC1;D_2__uncultured Acidobacteria bacterium;D_3__,D_0__Bacteria;D_1__BRC1;D_2__uncultured Telmatobacter sp.;D_3__,D_0__Bacteria;D_1__BRC1;D_2__uncultured bacterium;D_3__,D_0__Bacteria;D_1__BRC1;D_2__uncultured candidate division BRC1 bacterium;D_3__,D_0__Bacteria;D_1__BRC1;D_2__uncultured delta proteobacterium;D_3__,D_0__Bacteria;D_1__BRC1;D_2__uncultured organism;D_3__,D_0__Bacteria;D_1__BRC1;D_2__uncultured soil bacterium PBS-74;D_3__,D_0__Bacteria;D_1__BRC1;D_2__uncultured soil bacterium PBS-II-1;D_3__,D_0__Bacteria;D_1__BRC1;D_2__uncultured soil bacterium PBS-II-34;D_3__,D_0__Bacteria;D_1__BRC1;D_2__uncultured soil bacterium PBS-III-4;D_3__,D_0__Bacteria;D_1__BRC1;D_2__uncultured soil bacterium PRR-11;D_3__,D_0__Bacteria;D_1__BRC1;__;__,D_0__Bacteria;D_1__Bacteroidetes;D_2__Bacteroidia;D_3__Bacteroidales,D_0__Bacteria;D_1__Bacteroidetes;D_2__Bacteroidia;D_3__Bacteroidetes VC2.1 Bac22,D_0__Bacteria;D_1__Bacteroidetes;D_2__Bacteroidia;D_3__Chitinophagales,D_0__Bacteria;D_1__Bacteroidetes;D_2__Bacteroidia;D_3__Cytophagales,D_0__Bacteria;D_1__Bacteroidetes;D_2__Bacteroidia;D_3__Flavobacteriales,D_0__Bacteria;D_1__Bacteroidetes;D_2__Bacteroidia;D_3__Sphingobacteriales,D_0__Bacteria;D_1__Bacteroidetes;D_2__Ignavibacteria;D_3__Ignavibacteriales,D_0__Bacteria;D_1__Bacteroidetes;D_2__Ignavibacteria;D_3__Kryptoniales,D_0__Bacteria;D_1__Bacteroidetes;D_2__Ignavibacteria;D_3__OPB56,D_0__Bacteria;D_1__Bacteroidetes;D_2__Ignavibacteria;D_3__SJA-28,D_0__Bacteria;D_1__Caldiserica;D_2__Caldisericia;D_3__Caldisericales,D_0__Bacteria;D_1__Calditrichaeota;D_2__Calditrichia;D_3__Calditrichales,D_0__Bacteria;D_1__Chlamydiae;D_2__Chlamydiae;D_3__Chlamydiales,D_0__Bacteria;D_1__Chlamydiae;D_2__LD1-PA32;D_3__uncultured microorganism,D_0__Bacteria;D_1__Chloroflexi;D_2__AD3;D_3__uncultured bacterium,D_0__Bacteria;D_1__Chloroflexi;D_2__AD3;__,D_0__Bacteria;D_1__Chloroflexi;D_2__Anaerolineae;D_3__ADurb.Bin180,D_0__Bacteria;D_1__Chloroflexi;D_2__Anaerolineae;D_3__Anaerolineales,D_0__Bacteria;D_1__Chloroflexi;D_2__Anaerolineae;D_3__Ardenticatenales,D_0__Bacteria;D_1__Chloroflexi;D_2__Anaerolineae;D_3__Caldilineales,D_0__Bacteria;D_1__Chloroflexi;D_2__Anaerolineae;D_3__RBG-13-54-9,D_0__Bacteria;D_1__Chloroflexi;D_2__Anaerolineae;D_3__SBR1031,D_0__Bacteria;D_1__Chloroflexi;D_2__Anaerolineae;D_3__SJA-15,D_0__Bacteria;D_1__Chloroflexi;D_2__Anaerolineae;D_3__uncultured,D_0__Bacteria;D_1__Chloroflexi;D_2__Chloroflexia;D_3__Chloroflexales,D_0__Bacteria;D_1__Chloroflexi;D_2__Chloroflexia;D_3__Thermomicrobiales,D_0__Bacteria;D_1__Chloroflexi;D_2__Dehalococcoidia;D_3__661239,D_0__Bacteria;D_1__Chloroflexi;D_2__Dehalococcoidia;D_3__Dehalococcoidales,D_0__Bacteria;D_1__Chloroflexi;D_2__Dehalococcoidia;D_3__FS117-23B-02,D_0__Bacteria;D_1__Chloroflexi;D_2__Dehalococcoidia;D_3__FW22,D_0__Bacteria;D_1__Chloroflexi;D_2__Dehalococcoidia;D_3__GIF3,D_0__Bacteria;D_1__Chloroflexi;D_2__Dehalococcoidia;D_3__GIF9,D_0__Bacteria;D_1__Chloroflexi;D_2__Dehalococcoidia;D_3__MSBL5,D_0__Bacteria;D_1__Chloroflexi;D_2__Dehalococcoidia;D_3__RBG-13-46-9,D_0__Bacteria;D_1__Chloroflexi;D_2__Dehalococcoidia;D_3__S085,D_0__Bacteria;D_1__Chloroflexi;D_2__Dehalococcoidia;D_3__SAR202 clade,D_0__Bacteria;D_1__Chloroflexi;D_2__Dehalococcoidia;D_3__Sh765B-TzT-20,D_0__Bacteria;D_1__Chloroflexi;D_2__Dehalococcoidia;D_3__vadinBA26,D_0__Bacteria;D_1__Chloroflexi;D_2__Gitt-GS-136;D_3__uncultured bacterium,D_0__Bacteria;D_1__Chloroflexi;D_2__JG30-KF-CM66;D_3__metagenome,D_0__Bacteria;D_1__Chloroflexi;D_2__JG30-KF-CM66;D_3__uncultured bacterium,D_0__Bacteria;D_1__Chloroflexi;D_2__JG30-KF-CM66;__,D_0__Bacteria;D_1__Chloroflexi;D_2__KD4-96;D_3__metagenome,D_0__Bacteria;D_1__Chloroflexi;D_2__KD4-96;D_3__uncultured bacterium,D_0__Bacteria;D_1__Chloroflexi;D_2__KD4-96;__,D_0__Bacteria;D_1__Chloroflexi;D_2__Ktedonobacteria;D_3__B10-SB3A,D_0__Bacteria;D_1__Chloroflexi;D_2__Ktedonobacteria;D_3__C0119,D_0__Bacteria;D_1__Chloroflexi;D_2__Ktedonobacteria;D_3__Ktedonobacterales,D_0__Bacteria;D_1__Chloroflexi;D_2__OLB14;D_3__uncultured Chloroflexi bacterium,D_0__Bacteria;D_1__Chloroflexi;D_2__OLB14;D_3__uncultured bacterium,D_0__Bacteria;D_1__Chloroflexi;D_2__OLB14;__,D_0__Bacteria;D_1__Chloroflexi;D_2__P2-11E;D_3__uncultured bacterium,D_0__Bacteria;D_1__Chloroflexi;D_2__SHA-26;D_3__uncultured bacterium,D_0__Bacteria;D_1__Chloroflexi;D_2__SHA-26;D_3__uncultured soil bacterium,D_0__Bacteria;D_1__Chloroflexi;D_2__TK10;D_3__Clostridiales bacterium PH28_bin88,D_0__Bacteria;D_1__Chloroflexi;D_2__TK10;D_3__bacterium Ellin6519,D_0__Bacteria;D_1__Chloroflexi;D_2__TK10;D_3__bacterium Ellin6543,D_0__Bacteria;D_1__Chloroflexi;D_2__TK10;D_3__metagenome,D_0__Bacteria;D_1__Chloroflexi;D_2__TK10;D_3__uncultured Chloroflexi bacterium,D_0__Bacteria;D_1__Chloroflexi;D_2__TK10;D_3__uncultured soil bacterium,D_0__Bacteria;D_1__Chloroflexi;D_2__TK10;__,D_0__Bacteria;D_1__Cloacimonetes;D_2__Cloacimonadia;D_3__Cloacimonadales,D_0__Bacteria;D_1__Cyanobacteria;D_2__Melainabacteria;D_3__Gastranaerophilales,D_0__Bacteria;D_1__Cyanobacteria;D_2__Melainabacteria;D_3__Obscuribacterales,D_0__Bacteria;D_1__Cyanobacteria;D_2__Oxyphotobacteria;D_3__Chloroplast,D_0__Bacteria;D_1__Cyanobacteria;D_2__Oxyphotobacteria;D_3__Fr127,D_0__Bacteria;D_1__Cyanobacteria;D_2__Oxyphotobacteria;D_3__Leptolyngbyales,D_0__Bacteria;D_1__Cyanobacteria;D_2__Oxyphotobacteria;D_3__Nostocales,D_0__Bacteria;D_1__Cyanobacteria;D_2__Oxyphotobacteria;D_3__Oxyphotobacteria Incertae Sedis,D_0__Bacteria;D_1__Cyanobacteria;D_2__Oxyphotobacteria;D_3__Pseudanabaenales,D_0__Bacteria;D_1__Cyanobacteria;D_2__Oxyphotobacteria;D_3__Synechococcales,D_0__Bacteria;D_1__Cyanobacteria;D_2__Sericytochromatia;D_3__uncultured bacterium,D_0__Bacteria;D_1__Cyanobacteria;D_2__Sericytochromatia;D_3__unidentified,D_0__Bacteria;D_1__Deinococcus-Thermus;D_2__Deinococci;D_3__Deinococcales,D_0__Bacteria;D_1__Dependentiae;D_2__Babeliae;D_3__Babeliales,D_0__Bacteria;D_1__Edwardsbacteria;D_2__uncultured bacterium;D_3__,D_0__Bacteria;D_1__Elusimicrobia;D_2__Elusimicrobia;D_3__FCPU453,D_0__Bacteria;D_1__Elusimicrobia;D_2__Elusimicrobia;D_3__Lineage IV,D_0__Bacteria;D_1__Elusimicrobia;D_2__Elusimicrobia;D_3__MD2894-B20,D_0__Bacteria;D_1__Elusimicrobia;D_2__Elusimicrobia;D_3__MVP-88,D_0__Bacteria;D_1__Elusimicrobia;D_2__Endomicrobia;D_3__Endomicrobiales,D_0__Bacteria;D_1__Elusimicrobia;D_2__Lineage IIa;D_3__Elusimicrobia bacterium RIFCSPLOWO2_01_FULL_59_12,D_0__Bacteria;D_1__Elusimicrobia;D_2__Lineage IIa;D_3__uncultured bacterium,D_0__Bacteria;D_1__Elusimicrobia;D_2__Lineage IIa;__,D_0__Bacteria;D_1__Elusimicrobia;D_2__Lineage IIb;D_3__uncultured bacterium,D_0__Bacteria;D_1__Elusimicrobia;D_2__Lineage IIb;D_3__uncultured soil bacterium,D_0__Bacteria;D_1__Elusimicrobia;D_2__Lineage IIc;D_3__uncultured prokaryote,D_0__Bacteria;D_1__Entotheonellaeota;D_2__Entotheonellia;D_3__Entotheonellales,D_0__Bacteria;D_1__Epsilonbacteraeota;D_2__Campylobacteria;D_3__Campylobacterales,D_0__Bacteria;D_1__FCPU426;D_2__metagenome;D_3__,D_0__Bacteria;D_1__FCPU426;D_2__uncultured bacterium;D_3__,D_0__Bacteria;D_1__FCPU426;D_2__uncultured microorganism;D_3__,D_0__Bacteria;D_1__Fibrobacteres;D_2__Chitinivibrionia;D_3__uncultured,D_0__Bacteria;D_1__Fibrobacteres;D_2__Fibrobacteria;D_3__Fibrobacterales,D_0__Bacteria;D_1__Firmicutes;D_2__Bacilli;D_3__Bacillales,D_0__Bacteria;D_1__Firmicutes;D_2__Bacilli;D_3__Lactobacillales,D_0__Bacteria;D_1__Firmicutes;D_2__Bacilli;D_3__uncultured,D_0__Bacteria;D_1__Firmicutes;D_2__Bacilli;__,D_0__Bacteria;D_1__Firmicutes;D_2__Clostridia;D_3__Clostridiales,D_0__Bacteria;D_1__Firmicutes;D_2__Clostridia;D_3__D8A-2,D_0__Bacteria;D_1__Firmicutes;D_2__Clostridia;D_3__DTU014,D_0__Bacteria;D_1__Firmicutes;D_2__Clostridia;D_3__MBA03,D_0__Bacteria;D_1__Firmicutes;D_2__Erysipelotrichia;D_3__Erysipelotrichales,D_0__Bacteria;D_1__Firmicutes;D_2__Limnochordia;D_3__Limnochordales,D_0__Bacteria;D_1__Firmicutes;D_2__Negativicutes;D_3__Selenomonadales,D_0__Bacteria;D_1__Fusobacteria;D_2__Fusobacteriia;D_3__Fusobacteriales,D_0__Bacteria;D_1__Gemmatimonadetes;D_2__BD2-11 terrestrial group;D_3__metagenome,D_0__Bacteria;D_1__Gemmatimonadetes;D_2__BD2-11 terrestrial group;D_3__uncultured Gemmatimonadetes bacterium,D_0__Bacteria;D_1__Gemmatimonadetes;D_2__BD2-11 terrestrial group;D_3__uncultured bacterium,D_0__Bacteria;D_1__Gemmatimonadetes;D_2__BD2-11 terrestrial group;D_3__uncultured organism,D_0__Bacteria;D_1__Gemmatimonadetes;D_2__Gemmatimonadetes;D_3__Gemmatimonadales,D_0__Bacteria;D_1__Gemmatimonadetes;D_2__Longimicrobia;D_3__Longimicrobiales,D_0__Bacteria;D_1__Gemmatimonadetes;D_2__PAUC43f marine benthic group;D_3__uncultured bacterium,D_0__Bacteria;D_1__Gemmatimonadetes;D_2__S0134 terrestrial group;D_3__uncultured Gemmatimonadetes bacterium,D_0__Bacteria;D_1__Gemmatimonadetes;D_2__S0134 terrestrial group;D_3__uncultured bacterium,D_0__Bacteria;D_1__Gemmatimonadetes;D_2__S0134 terrestrial group;__,D_0__Bacteria;D_1__Halanaerobiaeota;D_2__Halanaerobiia;D_3__Halanaerobiales,D_0__Bacteria;D_1__Hydrogenedentes;D_2__Hydrogenedentia;D_3__Hydrogenedentiales,D_0__Bacteria;D_1__Kiritimatiellaeota;D_2__Kiritimatiellae;D_3__Kiritimatiellales,D_0__Bacteria;D_1__Kiritimatiellaeota;D_2__Kiritimatiellae;D_3__WCHB1-41,D_0__Bacteria;D_1__Latescibacteria;D_2__Latescibacteria;D_3__Latescibacterales,D_0__Bacteria;D_1__Latescibacteria;D_2__metagenome;D_3__,D_0__Bacteria;D_1__Latescibacteria;D_2__uncultured Acidobacterium sp.;D_3__,D_0__Bacteria;D_1__Latescibacteria;D_2__uncultured Latescibacteria bacterium;D_3__,D_0__Bacteria;D_1__Latescibacteria;D_2__uncultured Pelobacter sp.;D_3__,D_0__Bacteria;D_1__Latescibacteria;D_2__uncultured bacterium mle1-16;D_3__,D_0__Bacteria;D_1__Latescibacteria;D_2__uncultured bacterium;D_3__,D_0__Bacteria;D_1__Latescibacteria;D_2__uncultured prokaryote;D_3__,D_0__Bacteria;D_1__Latescibacteria;D_2__uncultured soil bacterium PBS-II-5;D_3__,D_0__Bacteria;D_1__Latescibacteria;D_2__uncultured soil bacterium PBS-III-30;D_3__,D_0__Bacteria;D_1__Latescibacteria;D_2__uncultured soil bacterium;D_3__,D_0__Bacteria;D_1__Latescibacteria;__;__,D_0__Bacteria;D_1__Lentisphaerae;D_2__Lentisphaeria;D_3__Victivallales,D_0__Bacteria;D_1__Lentisphaerae;D_2__Oligosphaeria;D_3__Oligosphaerales,D_0__Bacteria;D_1__Lindowbacteria;D_2__Candidatus Lindowbacteria bacterium RIFCSPLOWO2_02_FULL_62_12;D_3__,D_0__Bacteria;D_1__Marinimicrobia (SAR406 clade);D_2__marine metagenome;D_3__,D_0__Bacteria;D_1__Marinimicrobia (SAR406 clade);D_2__uncultured marine bacterium;D_3__,D_0__Bacteria;D_1__Nitrospinae;D_2__P9X2b3D02;D_3__uncultured bacterium,D_0__Bacteria;D_1__Nitrospinae;D_2__P9X2b3D02;D_3__uncultured prokaryote,D_0__Bacteria;D_1__Nitrospirae;D_2__4-29-1;D_3__uncultured bacterium,D_0__Bacteria;D_1__Nitrospirae;D_2__4-29-1;D_3__uncultured prokaryote,D_0__Bacteria;D_1__Nitrospirae;D_2__4-29-1;D_3__uncultured proteobacterium,D_0__Bacteria;D_1__Nitrospirae;D_2__Nitrospira;D_3__Nitrospirales,D_0__Bacteria;D_1__Nitrospirae;D_2__Thermodesulfovibrionia;D_3__uncultured,D_0__Bacteria;D_1__Omnitrophicaeota;D_2__Candidatus Omnitrophica bacterium CG1_02_44_16;D_3__,D_0__Bacteria;D_1__Omnitrophicaeota;D_2__Omnitrophia;D_3__Omnitrophales,D_0__Bacteria;D_1__Omnitrophicaeota;D_2__Omnitrophica WOR_2 bacterium RIFCSPLOWO2_12_FULL_51_24;D_3__,D_0__Bacteria;D_1__Omnitrophicaeota;D_2__uncultured Banisveld landfill bacterium BVC56;D_3__,D_0__Bacteria;D_1__Omnitrophicaeota;D_2__uncultured Firmicutes bacterium;D_3__,D_0__Bacteria;D_1__Omnitrophicaeota;D_2__uncultured Verrucomicrobia bacterium;D_3__,D_0__Bacteria;D_1__Omnitrophicaeota;D_2__uncultured bacterium;D_3__,D_0__Bacteria;D_1__Omnitrophicaeota;__;__,D_0__Bacteria;D_1__PAUC34f;D_2__uncultured bacterium;D_3__,D_0__Bacteria;D_1__PAUC34f;__;__,D_0__Bacteria;D_1__Patescibacteria;D_2__ABY1;D_3__Candidatus Falkowbacteria,D_0__Bacteria;D_1__Patescibacteria;D_2__ABY1;D_3__Candidatus Magasanikbacteria,D_0__Bacteria;D_1__Patescibacteria;D_2__Berkelbacteria;D_3__Berkelbacteria bacterium GW2011_GWE1_39_12,D_0__Bacteria;D_1__Patescibacteria;D_2__CPR2;D_3__uncultured bacterium,D_0__Bacteria;D_1__Patescibacteria;D_2__CPR2;D_3__uncultured microorganism,D_0__Bacteria;D_1__Patescibacteria;D_2__Gracilibacteria;D_3__Absconditabacteriales (SR1),D_0__Bacteria;D_1__Patescibacteria;D_2__Gracilibacteria;D_3__Candidatus Peregrinibacteria,D_0__Bacteria;D_1__Patescibacteria;D_2__Gracilibacteria;D_3__JGI 0000069-P22,D_0__Bacteria;D_1__Patescibacteria;D_2__Gracilibacteria;D_3__uncultured bacterium,D_0__Bacteria;D_1__Patescibacteria;D_2__Microgenomatia;D_3__Candidatus Collierbacteria,D_0__Bacteria;D_1__Patescibacteria;D_2__Microgenomatia;D_3__Candidatus Gottesmanbacteria,D_0__Bacteria;D_1__Patescibacteria;D_2__Microgenomatia;D_3__Candidatus Levybacteria,D_0__Bacteria;D_1__Patescibacteria;D_2__Microgenomatia;D_3__Candidatus Woesebacteria,D_0__Bacteria;D_1__Patescibacteria;D_2__Microgenomatia;D_3__Candidatus Woykebacteria,D_0__Bacteria;D_1__Patescibacteria;D_2__Parcubacteria;D_3__Candidatus Kaiserbacteria,D_0__Bacteria;D_1__Patescibacteria;D_2__Parcubacteria;D_3__Candidatus Moranbacteria,D_0__Bacteria;D_1__Patescibacteria;D_2__Parcubacteria;D_3__Candidatus Nomurabacteria,D_0__Bacteria;D_1__Patescibacteria;D_2__Parcubacteria;D_3__Candidatus Yanofskybacteria,D_0__Bacteria;D_1__Patescibacteria;D_2__Parcubacteria;D_3__Candidatus Yonathbacteria,D_0__Bacteria;D_1__Patescibacteria;D_2__Saccharimonadia;D_3__Saccharimonadales,D_0__Bacteria;D_1__Planctomycetes;D_2__BD7-11;D_3__uncultured bacterium,D_0__Bacteria;D_1__Planctomycetes;D_2__Brocadiae;D_3__Brocadiales,D_0__Bacteria;D_1__Planctomycetes;D_2__OM190;D_3__uncultured Planctomycetales bacterium,D_0__Bacteria;D_1__Planctomycetes;D_2__OM190;D_3__uncultured bacterium,D_0__Bacteria;D_1__Planctomycetes;D_2__OM190;D_3__uncultured soil bacterium,D_0__Bacteria;D_1__Planctomycetes;D_2__OM190;D_3__wastewater metagenome,D_0__Bacteria;D_1__Planctomycetes;D_2__Phycisphaerae;D_3__CCM11a,D_0__Bacteria;D_1__Planctomycetes;D_2__Phycisphaerae;D_3__MSBL9,D_0__Bacteria;D_1__Planctomycetes;D_2__Phycisphaerae;D_3__Phycisphaerales,D_0__Bacteria;D_1__Planctomycetes;D_2__Phycisphaerae;D_3__Pla1 lineage,D_0__Bacteria;D_1__Planctomycetes;D_2__Phycisphaerae;D_3__Tepidisphaerales,D_0__Bacteria;D_1__Planctomycetes;D_2__Phycisphaerae;D_3__mle1-8,D_0__Bacteria;D_1__Planctomycetes;D_2__Pla3 lineage;D_3__uncultured bacterium,D_0__Bacteria;D_1__Planctomycetes;D_2__Pla3 lineage;D_3__uncultured soil bacterium PBS-II-37,D_0__Bacteria;D_1__Planctomycetes;D_2__Pla4 lineage;D_3__metagenome,D_0__Bacteria;D_1__Planctomycetes;D_2__Pla4 lineage;D_3__uncultured bacterium,D_0__Bacteria;D_1__Planctomycetes;D_2__Pla4 lineage;D_3__uncultured planctomycete,D_0__Bacteria;D_1__Planctomycetes;D_2__Pla4 lineage;D_3__uncultured prokaryote,D_0__Bacteria;D_1__Planctomycetes;D_2__Pla4 lineage;__,D_0__Bacteria;D_1__Planctomycetes;D_2__Planctomycetacia;D_3__Gemmatales,D_0__Bacteria;D_1__Planctomycetes;D_2__Planctomycetacia;D_3__Isosphaerales,D_0__Bacteria;D_1__Planctomycetes;D_2__Planctomycetacia;D_3__Pirellulales,D_0__Bacteria;D_1__Planctomycetes;D_2__Planctomycetacia;D_3__Planctomycetales,D_0__Bacteria;D_1__Planctomycetes;D_2__Planctomycetacia;D_3__uncultured,D_0__Bacteria;D_1__Planctomycetes;D_2__vadinHA49;D_3__bacterium UW 659-2-F09,D_0__Bacteria;D_1__Planctomycetes;D_2__vadinHA49;D_3__metagenome,D_0__Bacteria;D_1__Planctomycetes;D_2__vadinHA49;D_3__uncultured bacterium,D_0__Bacteria;D_1__Poribacteria;D_2__uncultured Firmicutes bacterium;D_3__,D_0__Bacteria;D_1__Proteobacteria;D_2__Alphaproteobacteria;D_3__Acetobacterales,D_0__Bacteria;D_1__Proteobacteria;D_2__Alphaproteobacteria;D_3__Azospirillales,D_0__Bacteria;D_1__Proteobacteria;D_2__Alphaproteobacteria;D_3__Caedibacterales,D_0__Bacteria;D_1__Proteobacteria;D_2__Alphaproteobacteria;D_3__Caulobacterales,D_0__Bacteria;D_1__Proteobacteria;D_2__Alphaproteobacteria;D_3__Dongiales,D_0__Bacteria;D_1__Proteobacteria;D_2__Alphaproteobacteria;D_3__Elsterales,D_0__Bacteria;D_1__Proteobacteria;D_2__Alphaproteobacteria;D_3__Holosporales,D_0__Bacteria;D_1__Proteobacteria;D_2__Alphaproteobacteria;D_3__Micavibrionales,D_0__Bacteria;D_1__Proteobacteria;D_2__Alphaproteobacteria;D_3__Micropepsales,D_0__Bacteria;D_1__Proteobacteria;D_2__Alphaproteobacteria;D_3__NRL2,D_0__Bacteria;D_1__Proteobacteria;D_2__Alphaproteobacteria;D_3__Paracaedibacterales,D_0__Bacteria;D_1__Proteobacteria;D_2__Alphaproteobacteria;D_3__Parvibaculales,D_0__Bacteria;D_1__Proteobacteria;D_2__Alphaproteobacteria;D_3__Puniceispirillales,D_0__Bacteria;D_1__Proteobacteria;D_2__Alphaproteobacteria;D_3__Reyranellales,D_0__Bacteria;D_1__Proteobacteria;D_2__Alphaproteobacteria;D_3__Rhizobiales,D_0__Bacteria;D_1__Proteobacteria;D_2__Alphaproteobacteria;D_3__Rhodobacterales,D_0__Bacteria;D_1__Proteobacteria;D_2__Alphaproteobacteria;D_3__Rhodospirillales,D_0__Bacteria;D_1__Proteobacteria;D_2__Alphaproteobacteria;D_3__Rickettsiales,D_0__Bacteria;D_1__Proteobacteria;D_2__Alphaproteobacteria;D_3__SAR11 clade,D_0__Bacteria;D_1__Proteobacteria;D_2__Alphaproteobacteria;D_3__Sneathiellales,D_0__Bacteria;D_1__Proteobacteria;D_2__Alphaproteobacteria;D_3__Sphingomonadales,D_0__Bacteria;D_1__Proteobacteria;D_2__Alphaproteobacteria;D_3__Tistrellales,D_0__Bacteria;D_1__Proteobacteria;D_2__Alphaproteobacteria;D_3__uncultured,D_0__Bacteria;D_1__Proteobacteria;D_2__Alphaproteobacteria;__,D_0__Bacteria;D_1__Proteobacteria;D_2__Deltaproteobacteria;D_3__Bdellovibrionales,D_0__Bacteria;D_1__Proteobacteria;D_2__Deltaproteobacteria;D_3__Deltaproteobacteria Incertae Sedis,D_0__Bacteria;D_1__Proteobacteria;D_2__Deltaproteobacteria;D_3__Desulfarculales,D_0__Bacteria;D_1__Proteobacteria;D_2__Deltaproteobacteria;D_3__Desulfobacterales,D_0__Bacteria;D_1__Proteobacteria;D_2__Deltaproteobacteria;D_3__Desulfovibrionales,D_0__Bacteria;D_1__Proteobacteria;D_2__Deltaproteobacteria;D_3__Desulfuromonadales,D_0__Bacteria;D_1__Proteobacteria;D_2__Deltaproteobacteria;D_3__MBNT15,D_0__Bacteria;D_1__Proteobacteria;D_2__Deltaproteobacteria;D_3__Myxococcales,D_0__Bacteria;D_1__Proteobacteria;D_2__Deltaproteobacteria;D_3__NB1-j,D_0__Bacteria;D_1__Proteobacteria;D_2__Deltaproteobacteria;D_3__NKB15,D_0__Bacteria;D_1__Proteobacteria;D_2__Deltaproteobacteria;D_3__Oligoflexales,D_0__Bacteria;D_1__Proteobacteria;D_2__Deltaproteobacteria;D_3__PB19,D_0__Bacteria;D_1__Proteobacteria;D_2__Deltaproteobacteria;D_3__RCP2-54,D_0__Bacteria;D_1__Proteobacteria;D_2__Deltaproteobacteria;D_3__SAR324 clade(Marine group B),D_0__Bacteria;D_1__Proteobacteria;D_2__Deltaproteobacteria;D_3__Sva0485,D_0__Bacteria;D_1__Proteobacteria;D_2__Deltaproteobacteria;D_3__Syntrophobacterales,D_0__Bacteria;D_1__Proteobacteria;D_2__Deltaproteobacteria;__,D_0__Bacteria;D_1__Proteobacteria;D_2__Gammaproteobacteria;D_3__1013-28-CG33,D_0__Bacteria;D_1__Proteobacteria;D_2__Gammaproteobacteria;D_3__AT-s2-59,D_0__Bacteria;D_1__Proteobacteria;D_2__Gammaproteobacteria;D_3__Acidiferrobacterales,D_0__Bacteria;D_1__Proteobacteria;D_2__Gammaproteobacteria;D_3__Acidithiobacillales,D_0__Bacteria;D_1__Proteobacteria;D_2__Gammaproteobacteria;D_3__Aeromonadales,D_0__Bacteria;D_1__Proteobacteria;D_2__Gammaproteobacteria;D_3__Alteromonadales,D_0__Bacteria;D_1__Proteobacteria;D_2__Gammaproteobacteria;D_3__Arenicellales,D_0__Bacteria;D_1__Proteobacteria;D_2__Gammaproteobacteria;D_3__B2M28,D_0__Bacteria;D_1__Proteobacteria;D_2__Gammaproteobacteria;D_3__Beggiatoales,D_0__Bacteria;D_1__Proteobacteria;D_2__Gammaproteobacteria;D_3__Betaproteobacteriales,D_0__Bacteria;D_1__Proteobacteria;D_2__Gammaproteobacteria;D_3__CCD24,D_0__Bacteria;D_1__Proteobacteria;D_2__Gammaproteobacteria;D_3__CCM19a,D_0__Bacteria;D_1__Proteobacteria;D_2__Gammaproteobacteria;D_3__Cardiobacteriales,D_0__Bacteria;D_1__Proteobacteria;D_2__Gammaproteobacteria;D_3__Cellvibrionales,D_0__Bacteria;D_1__Proteobacteria;D_2__Gammaproteobacteria;D_3__Chromatiales,D_0__Bacteria;D_1__Proteobacteria;D_2__Gammaproteobacteria;D_3__Competibacterales,D_0__Bacteria;D_1__Proteobacteria;D_2__Gammaproteobacteria;D_3__Coxiellales,D_0__Bacteria;D_1__Proteobacteria;D_2__Gammaproteobacteria;D_3__Diplorickettsiales,D_0__Bacteria;D_1__Proteobacteria;D_2__Gammaproteobacteria;D_3__Ectothiorhodospirales,D_0__Bacteria;D_1__Proteobacteria;D_2__Gammaproteobacteria;D_3__Enterobacteriales,D_0__Bacteria;D_1__Proteobacteria;D_2__Gammaproteobacteria;D_3__F9P41300-M23,D_0__Bacteria;D_1__Proteobacteria;D_2__Gammaproteobacteria;D_3__Ga0077536,D_0__Bacteria;D_1__Proteobacteria;D_2__Gammaproteobacteria;D_3__Gammaproteobacteria Incertae Sedis,D_0__Bacteria;D_1__Proteobacteria;D_2__Gammaproteobacteria;D_3__Halothiobacillales,D_0__Bacteria;D_1__Proteobacteria;D_2__Gammaproteobacteria;D_3__Immundisolibacterales,D_0__Bacteria;D_1__Proteobacteria;D_2__Gammaproteobacteria;D_3__JG36-GS-52,D_0__Bacteria;D_1__Proteobacteria;D_2__Gammaproteobacteria;D_3__JG36-TzT-191,D_0__Bacteria;D_1__Proteobacteria;D_2__Gammaproteobacteria;D_3__KF-JG30-C25,D_0__Bacteria;D_1__Proteobacteria;D_2__Gammaproteobacteria;D_3__KI89A clade,D_0__Bacteria;D_1__Proteobacteria;D_2__Gammaproteobacteria;D_3__Legionellales,D_0__Bacteria;D_1__Proteobacteria;D_2__Gammaproteobacteria;D_3__MBAE14,D_0__Bacteria;D_1__Proteobacteria;D_2__Gammaproteobacteria;D_3__MBMPE27,D_0__Bacteria;D_1__Proteobacteria;D_2__Gammaproteobacteria;D_3__Methylococcales,D_0__Bacteria;D_1__Proteobacteria;D_2__Gammaproteobacteria;D_3__Nitrosococcales,D_0__Bacteria;D_1__Proteobacteria;D_2__Gammaproteobacteria;D_3__OM182 clade,D_0__Bacteria;D_1__Proteobacteria;D_2__Gammaproteobacteria;D_3__Oceanospirillales,D_0__Bacteria;D_1__Proteobacteria;D_2__Gammaproteobacteria;D_3__PLTA13,D_0__Bacteria;D_1__Proteobacteria;D_2__Gammaproteobacteria;D_3__Pasteurellales,D_0__Bacteria;D_1__Proteobacteria;D_2__Gammaproteobacteria;D_3__Pseudomonadales,D_0__Bacteria;D_1__Proteobacteria;D_2__Gammaproteobacteria;D_3__R7C24,D_0__Bacteria;D_1__Proteobacteria;D_2__Gammaproteobacteria;D_3__SAR86 clade,D_0__Bacteria;D_1__Proteobacteria;D_2__Gammaproteobacteria;D_3__Salinisphaerales,D_0__Bacteria;D_1__Proteobacteria;D_2__Gammaproteobacteria;D_3__Steroidobacterales,D_0__Bacteria;D_1__Proteobacteria;D_2__Gammaproteobacteria;D_3__Tenderiales,D_0__Bacteria;D_1__Proteobacteria;D_2__Gammaproteobacteria;D_3__Thiotrichales,D_0__Bacteria;D_1__Proteobacteria;D_2__Gammaproteobacteria;D_3__UBA10353 marine group,D_0__Bacteria;D_1__Proteobacteria;D_2__Gammaproteobacteria;D_3__Vibrionales,D_0__Bacteria;D_1__Proteobacteria;D_2__Gammaproteobacteria;D_3__WD260,D_0__Bacteria;D_1__Proteobacteria;D_2__Gammaproteobacteria;D_3__Xanthomonadales,D_0__Bacteria;D_1__Proteobacteria;D_2__Gammaproteobacteria;D_3__pItb-vmat-80,D_0__Bacteria;D_1__Proteobacteria;D_2__Gammaproteobacteria;D_3__uncultured,D_0__Bacteria;D_1__Proteobacteria;D_2__Gammaproteobacteria;__,D_0__Bacteria;D_1__Proteobacteria;D_2__Magnetococcia;D_3__Magnetococcales,D_0__Bacteria;D_1__Rokubacteria;D_2__NC10;D_3__Methylomirabilales,D_0__Bacteria;D_1__Rokubacteria;D_2__NC10;D_3__Rokubacteriales,D_0__Bacteria;D_1__Schekmanbacteria;D_2__uncultured Syntrophobacterales bacterium;D_3__,D_0__Bacteria;D_1__Spirochaetes;D_2__Leptospirae;D_3__Leptospirales,D_0__Bacteria;D_1__Spirochaetes;D_2__MVP-15;D_3__uncultured bacterium,D_0__Bacteria;D_1__Spirochaetes;D_2__Spirochaetia;D_3__Spirochaetales,D_0__Bacteria;D_1__Synergistetes;D_2__Synergistia;D_3__Synergistales,D_0__Bacteria;D_1__TA06;D_2__uncultured bacterium SHA-114;D_3__,D_0__Bacteria;D_1__Tenericutes;D_2__Mollicutes;D_3__Izimaplasmatales,D_0__Bacteria;D_1__Tenericutes;D_2__Mollicutes;D_3__Mollicutes RF39,D_0__Bacteria;D_1__Thermotogae;D_2__Thermotogae;D_3__Kosmotogales,D_0__Bacteria;D_1__Thermotogae;D_2__Thermotogae;D_3__Petrotogales,D_0__Bacteria;D_1__Thermotogae;D_2__Thermotogae;D_3__Thermotogales,D_0__Bacteria;D_1__Verrucomicrobia;D_2__Verrucomicrobiae;D_3__Chthoniobacterales,D_0__Bacteria;D_1__Verrucomicrobia;D_2__Verrucomicrobiae;D_3__Methylacidiphilales,D_0__Bacteria;D_1__Verrucomicrobia;D_2__Verrucomicrobiae;D_3__Opitutales,D_0__Bacteria;D_1__Verrucomicrobia;D_2__Verrucomicrobiae;D_3__Pedosphaerales,D_0__Bacteria;D_1__Verrucomicrobia;D_2__Verrucomicrobiae;D_3__S-BQ2-57 soil group,D_0__Bacteria;D_1__Verrucomicrobia;D_2__Verrucomicrobiae;D_3__Verrucomicrobiales,D_0__Bacteria;D_1__WOR-1;D_2__uncultured bacterium;D_3__,D_0__Bacteria;D_1__WOR-1;D_2__uncultured prokaryote;D_3__,D_0__Bacteria;D_1__WPS-2;D_2__metagenome;D_3__,D_0__Bacteria;D_1__WPS-2;D_2__uncultured cyanobacterium;D_3__,D_0__Bacteria;D_1__WS1;D_2__uncultured Streptomyces sp.;D_3__,D_0__Bacteria;D_1__WS1;D_2__uncultured bacterium;D_3__,D_0__Bacteria;D_1__WS4;D_2__uncultured bacterium;D_3__,D_0__Bacteria;D_1__Zixibacteria;D_2__bacterium enrichment culture clone Anammox_55;D_3__,D_0__Bacteria;D_1__Zixibacteria;D_2__candidate division Zixibacteria bacterium RBG_16_43_9;D_3__,D_0__Bacteria;D_1__Zixibacteria;D_2__uncultured bacterium;D_3__,D_0__Bacteria;D_1__Zixibacteria;D_2__uncultured delta proteobacterium;D_3__,D_0__Bacteria;D_1__Zixibacteria;D_2__uncultured prokaryote;D_3__,D_0__Bacteria;D_1__Zixibacteria;D_2__uncultured soil bacterium;D_3__,D_0__Bacteria;__;__;__,SampleName,CollectionDate,Depth,Elevation
SRR1574902,8.0,0.0,0.0,1.0,2.0,7.0,7.0,1.0,19.0,0.0,20.0,13.0,146.0,24.0,7.0,536.0,2.0,1.0,1.0,10.0,2.0,2.0,4.0,7.0,0.0,1.0,3.0,0.0,2.0,3.0,1.0,0.0,1.0,1.0,11.0,18.0,0.0,0.0,6.0,96.0,73.0,38.0,1.0,0.0,399.0,599.0,62.0,57.0,1.0,55.0,80.0,144.0,24.0,0.0,182.0,1.0,41.0,118.0,6.0,6.0,1.0,1.0,1.0,0.0,20.0,1.0,25.0,56.0,6.0,218.0,0.0,46.0,1.0,19.0,29.0,0.0,12.0,9.0,1.0,17.0,1.0,3.0,4.0,1.0,0.0,0.0,2.0,0.0,1.0,0.0,1.0,13.0,7.0,18.0,0.0,0.0,2.0,2.0,9.0,1.0,382.0,54.0,5.0,56.0,45.0,119.0,28.0,5.0,9.0,0.0,169.0,113.0,282.0,26.0,0.0,62.0,1.0,3.0,1.0,0.0,42.0,1.0,0.0,3.0,0.0,18.0,145.0,10.0,5.0,6.0,85.0,2.0,2.0,17.0,1.0,1.0,18.0,1.0,4.0,1.0,0.0,1.0,5.0,1.0,2.0,3.0,1.0,0.0,0.0,1.0,0.0,4.0,0.0,4.0,737.0,0.0,337.0,127.0,246.0,182.0,97.0,92.0,9.0,83.0,1.0,0.0,44.0,0.0,4.0,2.0,1.0,2287.0,19.0,1.0,1116.0,39.0,166.0,6.0,15.0,4.0,1.0,27.0,2.0,5.0,0.0,4.0,14.0,1.0,40.0,1.0,5.0,6.0,30.0,5.0,29.0,1.0,8.0,91.0,215.0,1.0,26.0,16.0,2.0,5.0,4.0,23.0,4.0,8.0,4.0,0.0,0.0,11.0,2.0,0.0,18.0,0.0,1.0,3.0,187.0,0.0,1.0,108.0,0.0,9.0,45.0,2.0,2.0,2.0,11.0,1.0,1.0,11.0,0.0,0.0,2.0,0.0,41.0,0.0,9.0,1.0,0.0,2.0,211.0,0.0,0.0,1.0,10.0,8.0,266.0,52.0,1.0,0.0,267.0,2.0,11.0,3.0,16.0,1.0,46.0,8.0,1.0,0.0,3.0,0.0,452.0,2.0,1.0,8.0,18.0,1.0,16.0,1.0,1.0,11.0,14.0,9.0,8.0,13.0,6.0,11.0,62.0,3.0,0.0,1.0,27.0,4.0,0.0,0.0,0.0,1.0,1.0,4.0,53.0,166.0,8.0,35.0,222.0,1247.0,2.0,41.0,4.0,2.0,1.0,10.0,30.0,3.0,3.0,0.0,1.0,0.0,0.0,2.0,1.0,0.0,1.0,1.0,0.0,4.0,3.0,1.0,15.0,0.0,7.0,34.0,2.0,1.0,1.0,3.0,1.0,0.0,2.0,31.0,1.0,1.0,0.0,33.0,2.0,18.0,36.0,7.0,3.0,7.0,8.0,3.0,1.0,0.0,2.0,115.0,121.0,175.0,80.0,3.0,8.0,0.0,2.0,0.0,92.0,4.0,3.0,112.0,7.0,65.0,66.0,6.0,20.0,3.0,8.0,1.0,2.0,18.0,1560.0,158.0,10.0,15.0,2.0,1.0,592.0,1.0,39.0,5.0,104.0,119.0,287.0,279.0,17.0,932.0,223.0,663.0,67.0,0.0,16.0,6.0,122.0,16.0,206.0,1061.0,33.0,0.0,4.0,27.0,43.0,12.0,642.0,0.0,0.0,9.0,3534.0,21.0,0.0,1.0,51.0,2.0,1.0,11.0,166.0,33.0,32.0,0.0,0.0,43.0,103.0,4.0,0.0,3.0,3.0,0.0,338.0,1.0,2.0,16.0,2.0,1.0,2524.0,0.0,3.0,348.0,6.0,9.0,5.0,35.0,7.0,0.0,2.0,1.0,26.0,210.0,0.0,11.0,8.0,0.0,99.0,21.0,0.0,12.0,1.0,31.0,3.0,3.0,0.0,0.0,1.0,0.0,0.0,369.0,1.0,24.0,1134.0,22.0,20.0,0.0,0.0,0.0,1.0,0.0,9.0,7.0,0.0,0.0,29.0,0.0,1.0,5.0,107.0,S1,"September, 2013",20-25cm,1221.0
SRR1604966,1.0,0.0,0.0,0.0,1.0,1.0,1.0,0.0,3.0,0.0,8.0,2.0,27.0,5.0,1.0,101.0,0.0,0.0,0.0,1.0,0.0,0.0,0.0,0.0,0.0,0.0,0.0,1.0,0.0,1.0,0.0,0.0,0.0,0.0,0.0,0.0,0.0,0.0,1.0,11.0,18.0,6.0,1.0,0.0,234.0,276.0,38.0,31.0,0.0,38.0,30.0,80.0,21.0,1.0,103.0,0.0,24.0,46.0,5.0,1.0,0.0,0.0,0.0,0.0,18.0,0.0,19.0,49.0,4.0,115.0,1.0,16.0,1.0,16.0,19.0,1.0,9.0,5.0,0.0,13.0,0.0,7.0,1.0,4.0,1.0,0.0,1.0,0.0,2.0,1.0,0.0,17.0,5.0,11.0,1.0,1.0,1.0,5.0,4.0,0.0,280.0,25.0,2.0,17.0,20.0,60.0,13.0,3.0,4.0,1.0,70.0,61.0,133.0,22.0,0.0,27.0,0.0,3.0,1.0,0.0,17.0,2.0,2.0,4.0,0.0,19.0,61.0,5.0,1.0,1.0,28.0,2.0,2.0,7.0,0.0,0.0,5.0,1.0,4.0,0.0,0.0,0.0,2.0,0.0,1.0,0.0,0.0,0.0,1.0,0.0,0.0,1.0,0.0,0.0,316.0,1.0,132.0,45.0,84.0,71.0,45.0,72.0,4.0,60.0,1.0,0.0,20.0,1.0,1.0,0.0,3.0,937.0,4.0,0.0,463.0,16.0,85.0,2.0,16.0,5.0,0.0,11.0,2.0,0.0,0.0,1.0,6.0,4.0,17.0,0.0,6.0,1.0,23.0,3.0,8.0,0.0,3.0,71.0,138.0,1.0,12.0,11.0,1.0,3.0,1.0,5.0,2.0,6.0,4.0,1.0,1.0,3.0,2.0,1.0,8.0,0.0,1.0,0.0,38.0,0.0,0.0,44.0,0.0,3.0,15.0,0.0,1.0,0.0,6.0,2.0,0.0,3.0,0.0,1.0,3.0,0.0,7.0,0.0,2.0,0.0,0.0,1.0,109.0,0.0,0.0,0.0,5.0,3.0,128.0,21.0,0.0,0.0,111.0,0.0,6.0,2.0,8.0,2.0,28.0,3.0,0.0,0.0,2.0,0.0,342.0,0.0,2.0,4.0,8.0,0.0,0.0,1.0,0.0,3.0,6.0,7.0,5.0,6.0,0.0,5.0,22.0,0.0,0.0,1.0,11.0,3.0,1.0,0.0,0.0,0.0,1.0,4.0,29.0,77.0,9.0,13.0,104.0,581.0,2.0,17.0,5.0,0.0,0.0,0.0,7.0,4.0,1.0,0.0,1.0,1.0,0.0,1.0,0.0,1.0,0.0,0.0,0.0,0.0,0.0,0.0,1.0,0.0,0.0,4.0,0.0,0.0,0.0,4.0,4.0,0.0,1.0,13.0,1.0,0.0,4.0,24.0,1.0,5.0,29.0,3.0,0.0,2.0,5.0,2.0,0.0,0.0,1.0,75.0,107.0,107.0,51.0,1.0,4.0,0.0,2.0,0.0,55.0,3.0,3.0,69.0,1.0,49.0,35.0,2.0,13.0,0.0,3.0,0.0,0.0,8.0,968.0,92.0,3.0,11.0,0.0,2.0,269.0,0.0,26.0,2.0,39.0,69.0,144.0,148.0,7.0,528.0,110.0,317.0,35.0,0.0,14.0,2.0,72.0,4.0,96.0,558.0,15.0,0.0,2.0,9.0,26.0,1.0,260.0,0.0,1.0,4.0,2438.0,15.0,0.0,1.0,13.0,1.0,0.0,6.0,85.0,19.0,14.0,0.0,0.0,20.0,59.0,0.0,0.0,3.0,0.0,0.0,169.0,0.0,0.0,7.0,0.0,0.0,599.0,0.0,1.0,134.0,1.0,4.0,0.0,18.0,5.0,0.0,2.0,0.0,9.0,118.0,1.0,7.0,1.0,0.0,56.0,6.0,0.0,7.0,6.0,10.0,0.0,2.0,0.0,1.0,0.0,0.0,1.0,275.0,0.0,10.0,542.0,12.0,10.0,0.0,0.0,1.0,1.0,1.0,5.0,3.0,0.0,0.0,17.0,1.0,0.0,3.0,27.0,S3,"September, 2013",25-27cm,1224.0
SRR1604967,0.0,0.0,0.0,0.0,0.0,2.0,0.0,0.0,6.0,0.0,4.0,2.0,19.0,1.0,8.0,81.0,0.0,0.0,0.0,3.0,0.0,1.0,1.0,0.0,0.0,0.0,1.0,1.0,0.0,0.0,0.0,0.0,0.0,0.0,1.0,0.0,1.0,0.0,1.0,23.0,56.0,7.0,0.0,0.0,174.0,209.0,34.0,27.0,0.0,10.0,20.0,49.0,9.0,0.0,63.0,0.0,29.0,39.0,4.0,3.0,0.0,2.0,0.0,2.0,10.0,1.0,30.0,58.0,4.0,89.0,0.0,17.0,1.0,20.0,17.0,0.0,26.0,13.0,0.0,6.0,1.0,3.0,2.0,0.0,0.0,1.0,0.0,1.0,1.0,0.0,0.0,8.0,3.0,8.0,1.0,0.0,0.0,3.0,9.0,0.0,239.0,43.0,2.0,34.0,23.0,64.0,26.0,0.0,9.0,0.0,102.0,56.0,133.0,24.0,0.0,53.0,3.0,1.0,4.0,0.0,23.0,4.0,0.0,1.0,1.0,11.0,73.0,8.0,3.0,1.0,29.0,2.0,0.0,5.0,0.0,0.0,6.0,1.0,0.0,1.0,1.0,0.0,0.0,1.0,1.0,0.0,0.0,0.0,0.0,0.0,1.0,0.0,0.0,1.0,350.0,0.0,138.0,89.0,140.0,85.0,62.0,57.0,6.0,45.0,1.0,0.0,20.0,0.0,2.0,0.0,3.0,883.0,7.0,2.0,274.0,22.0,79.0,2.0,20.0,15.0,1.0,7.0,0.0,0.0,1.0,2.0,10.0,5.0,22.0,0.0,6.0,1.0,17.0,0.0,7.0,0.0,0.0,53.0,125.0,1.0,17.0,16.0,1.0,9.0,3.0,7.0,0.0,3.0,2.0,0.0,0.0,5.0,0.0,0.0,10.0,0.0,2.0,3.0,132.0,1.0,0.0,52.0,0.0,9.0,15.0,1.0,3.0,2.0,4.0,1.0,0.0,7.0,1.0,2.0,5.0,1.0,5.0,1.0,3.0,0.0,1.0,1.0,152.0,0.0,0.0,1.0,4.0,7.0,214.0,36.0,1.0,0.0,144.0,0.0,4.0,2.0,11.0,0.0,30.0,8.0,0.0,0.0,3.0,1.0,381.0,1.0,2.0,4.0,7.0,0.0,0.0,0.0,0.0,14.0,13.0,4.0,12.0,17.0,0.0,4.0,41.0,5.0,0.0,1.0,22.0,2.0,1.0,1.0,0.0,0.0,1.0,3.0,30.0,74.0,5.0,14.0,137.0,417.0,2.0,5.0,5.0,0.0,0.0,2.0,7.0,0.0,1.0,0.0,0.0,0.0,1.0,0.0,0.0,0.0,0.0,1.0,0.0,4.0,1.0,0.0,1.0,0.0,3.0,8.0,0.0,0.0,0.0,6.0,0.0,2.0,0.0,50.0,1.0,0.0,1.0,13.0,6.0,17.0,32.0,1.0,1.0,5.0,18.0,2.0,0.0,1.0,6.0,99.0,72.0,161.0,52.0,3.0,0.0,1.0,4.0,0.0,61.0,0.0,5.0,103.0,4.0,46.0,51.0,4.0,10.0,1.0,2.0,2.0,1.0,17.0,1156.0,123.0,8.0,12.0,1.0,1.0,423.0,1.0,13.0,3.0,62.0,46.0,163.0,185.0,10.0,447.0,110.0,410.0,60.0,0.0,10.0,6.0,54.0,7.0,91.0,500.0,9.0,4.0,5.0,32.0,42.0,5.0,463.0,0.0,0.0,7.0,3115.0,39.0,1.0,0.0,24.0,3.0,3.0,7.0,90.0,25.0,28.0,0.0,3.0,32.0,91.0,3.0,3.0,3.0,0.0,0.0,241.0,0.0,2.0,11.0,1.0,0.0,1574.0,1.0,1.0,240.0,1.0,4.0,2.0,29.0,1.0,1.0,3.0,0.0,13.0,136.0,0.0,11.0,3.0,0.0,50.0,18.0,0.0,2.0,1.0,13.0,3.0,2.0,1.0,1.0,0.0,0.0,0.0,83.0,0.0,21.0,604.0,9.0,16.0,0.0,0.0,0.0,0.0,0.0,5.0,4.0,1.0,0.0,7.0,0.0,0.0,7.0,168.0,S4,"September, 2013",27-32cm,1227.0
SRR1604969,1.0,0.0,0.0,1.0,0.0,5.0,7.0,0.0,10.0,1.0,13.0,9.0,63.0,11.0,4.0,153.0,0.0,0.0,0.0,1.0,3.0,0.0,4.0,9.0,0.0,2.0,1.0,0.0,0.0,0.0,0.0,1.0,0.0,0.0,1.0,1.0,0.0,0.0,1.0,21.0,25.0,14.0,1.0,0.0,345.0,368.0,53.0,38.0,0.0,29.0,36.0,76.0,18.0,0.0,87.0,0.0,45.0,72.0,15.0,5.0,1.0,0.0,0.0,0.0,9.0,2.0,27.0,63.0,10.0,175.0,0.0,27.0,1.0,9.0,24.0,0.0,10.0,4.0,0.0,14.0,0.0,5.0,4.0,0.0,1.0,2.0,0.0,0.0,1.0,0.0,0.0,8.0,6.0,13.0,4.0,0.0,0.0,1.0,8.0,0.0,246.0,62.0,2.0,38.0,24.0,66.0,25.0,1.0,2.0,0.0,97.0,75.0,189.0,18.0,1.0,48.0,2.0,2.0,2.0,2.0,45.0,1.0,0.0,8.0,0.0,15.0,119.0,10.0,4.0,0.0,35.0,1.0,1.0,9.0,4.0,0.0,10.0,1.0,4.0,1.0,0.0,0.0,2.0,0.0,1.0,1.0,1.0,1.0,0.0,0.0,0.0,2.0,1.0,0.0,474.0,0.0,249.0,79.0,165.0,104.0,79.0,146.0,10.0,28.0,1.0,1.0,27.0,0.0,1.0,0.0,4.0,1608.0,7.0,3.0,513.0,27.0,147.0,1.0,12.0,9.0,0.0,29.0,1.0,0.0,0.0,2.0,8.0,4.0,35.0,0.0,3.0,4.0,21.0,6.0,12.0,0.0,5.0,77.0,201.0,0.0,16.0,9.0,1.0,8.0,2.0,8.0,2.0,4.0,3.0,0.0,0.0,4.0,1.0,0.0,7.0,0.0,3.0,0.0,67.0,0.0,0.0,59.0,1.0,3.0,11.0,1.0,0.0,4.0,12.0,2.0,0.0,5.0,0.0,0.0,4.0,0.0,16.0,0.0,3.0,1.0,0.0,3.0,208.0,0.0,1.0,3.0,10.0,6.0,281.0,49.0,0.0,0.0,190.0,0.0,8.0,5.0,11.0,3.0,41.0,5.0,0.0,0.0,6.0,0.0,442.0,1.0,0.0,12.0,9.0,0.0,4.0,2.0,2.0,10.0,8.0,4.0,6.0,11.0,1.0,9.0,32.0,1.0,1.0,4.0,13.0,7.0,0.0,0.0,0.0,0.0,1.0,3.0,36.0,117.0,7.0,33.0,159.0,1192.0,2.0,17.0,8.0,1.0,1.0,1.0,14.0,1.0,1.0,1.0,0.0,1.0,0.0,1.0,0.0,0.0,4.0,0.0,0.0,1.0,3.0,0.0,4.0,1.0,6.0,37.0,2.0,0.0,0.0,11.0,0.0,0.0,0.0,18.0,5.0,1.0,1.0,26.0,0.0,15.0,20.0,6.0,0.0,5.0,5.0,0.0,1.0,0.0,2.0,68.0,98.0,92.0,34.0,3.0,3.0,1.0,1.0,2.0,108.0,2.0,9.0,118.0,2.0,68.0,56.0,3.0,21.0,1.0,5.0,1.0,0.0,15.0,1403.0,144.0,5.0,17.0,1.0,0.0,524.0,0.0,28.0,4.0,75.0,120.0,323.0,319.0,13.0,718.0,167.0,588.0,62.0,0.0,21.0,4.0,111.0,11.0,203.0,1037.0,27.0,2.0,2.0,22.0,51.0,7.0,430.0,0.0,0.0,8.0,4181.0,38.0,1.0,0.0,29.0,1.0,0.0,16.0,156.0,49.0,33.0,0.0,5.0,30.0,95.0,0.0,2.0,0.0,7.0,1.0,242.0,0.0,4.0,8.0,1.0,0.0,1196.0,2.0,2.0,261.0,4.0,12.0,2.0,32.0,10.0,0.0,4.0,0.0,24.0,214.0,0.0,11.0,4.0,0.0,91.0,15.0,1.0,12.0,3.0,23.0,5.0,3.0,0.0,1.0,0.0,4.0,0.0,132.0,0.0,19.0,692.0,12.0,13.0,0.0,0.0,1.0,0.0,1.0,5.0,4.0,0.0,1.0,15.0,1.0,0.0,2.0,28.0,S5,"September, 2013",21-26cm,1253.0
SRR1604970,0.0,1.0,1.0,0.0,2.0,12.0,5.0,0.0,10.0,0.0,20.0,4.0,106.0,19.0,8.0,324.0,0.0,0.0,0.0,5.0,6.0,0.0,2.0,9.0,2.0,2.0,5.0,2.0,0.0,0.0,0.0,2.0,0.0,1.0,1.0,1.0,0.0,2.0,2.0,25.0,48.0,20.0,0.0,1.0,262.0,277.0,58.0,29.0,1.0,37.0,19.0,56.0,14.0,0.0,60.0,0.0,29.0,58.0,4.0,3.0,1.0,0.0,1.0,0.0,5.0,0.0,12.0,34.0,5.0,115.0,0.0,15.0,0.0,8.0,15.0,0.0,8.0,10.0,0.0,10.0,2.0,4.0,3.0,0.0,0.0,0.0,0.0,0.0,0.0,1.0,1.0,6.0,5.0,14.0,0.0,0.0,0.0,0.0,3.0,0.0,158.0,39.0,0.0,33.0,14.0,38.0,23.0,2.0,2.0,0.0,89.0,68.0,110.0,10.0,0.0,41.0,1.0,3.0,1.0,0.0,21.0,1.0,1.0,3.0,0.0,15.0,72.0,6.0,1.0,0.0,16.0,0.0,3.0,5.0,1.0,0.0,3.0,0.0,2.0,0.0,1.0,1.0,1.0,2.0,1.0,1.0,3.0,0.0,0.0,0.0,0.0,1.0,0.0,2.0,448.0,1.0,136.0,62.0,134.0,113.0,53.0,136.0,5.0,30.0,6.0,0.0,18.0,0.0,3.0,0.0,1.0,1295.0,8.0,2.0,330.0,19.0,59.0,3.0,4.0,5.0,0.0,14.0,0.0,2.0,0.0,0.0,17.0,0.0,19.0,0.0,5.0,1.0,14.0,1.0,8.0,1.0,2.0,65.0,102.0,2.0,18.0,7.0,0.0,5.0,0.0,8.0,2.0,4.0,0.0,0.0,3.0,2.0,1.0,0.0,4.0,1.0,1.0,2.0,51.0,0.0,0.0,40.0,0.0,4.0,12.0,0.0,2.0,3.0,9.0,3.0,0.0,0.0,0.0,1.0,4.0,2.0,10.0,0.0,5.0,2.0,0.0,1.0,192.0,2.0,0.0,2.0,4.0,10.0,174.0,28.0,0.0,1.0,126.0,0.0,5.0,4.0,10.0,2.0,36.0,3.0,0.0,1.0,1.0,0.0,258.0,1.0,0.0,4.0,11.0,0.0,11.0,1.0,0.0,6.0,8.0,2.0,3.0,12.0,0.0,1.0,20.0,0.0,0.0,1.0,12.0,2.0,1.0,0.0,1.0,0.0,0.0,0.0,22.0,44.0,3.0,15.0,120.0,911.0,5.0,12.0,6.0,0.0,1.0,4.0,20.0,1.0,0.0,0.0,0.0,0.0,0.0,1.0,0.0,0.0,1.0,0.0,2.0,0.0,0.0,0.0,6.0,0.0,3.0,44.0,3.0,0.0,0.0,7.0,2.0,1.0,0.0,17.0,1.0,0.0,0.0,17.0,3.0,3.0,9.0,0.0,0.0,2.0,8.0,1.0,0.0,0.0,2.0,47.0,49.0,49.0,18.0,0.0,1.0,0.0,2.0,0.0,92.0,3.0,2.0,60.0,4.0,33.0,46.0,2.0,11.0,0.0,6.0,2.0,0.0,12.0,692.0,100.0,10.0,9.0,2.0,0.0,252.0,0.0,22.0,3.0,44.0,90.0,326.0,268.0,8.0,424.0,97.0,330.0,30.0,1.0,12.0,1.0,76.0,7.0,101.0,654.0,9.0,0.0,4.0,20.0,28.0,10.0,388.0,2.0,0.0,5.0,4398.0,22.0,0.0,0.0,19.0,0.0,1.0,10.0,86.0,24.0,22.0,1.0,1.0,30.0,85.0,0.0,0.0,6.0,1.0,0.0,209.0,0.0,0.0,13.0,1.0,0.0,872.0,0.0,3.0,189.0,0.0,8.0,2.0,18.0,1.0,0.0,0.0,2.0,34.0,102.0,0.0,11.0,5.0,1.0,47.0,13.0,1.0,2.0,2.0,14.0,1.0,0.0,0.0,1.0,2.0,5.0,0.0,93.0,0.0,22.0,458.0,10.0,4.0,1.0,1.0,0.0,1.0,0.0,2.0,0.0,0.0,1.0,9.0,2.0,0.0,3.0,33.0,S6,"October, 2013",23-25cm,1238.0
